pos = [
%     10-1.044, 1.823, 1.242-0.11
%     10, -1.836, 1.476-0.11
    10-1.044, 0.799, 1.242-0.11
    10-2.191, -1.836, 1.476-0.11
    10-0.81, -0.91, 1.476-0.11
    ];
wallPos = [
%     0,-1.836-1.88,0
    0,-3.214,0
    ].';