pos = [
    26.28-5.97,1.2,1.57
    26.28-6.357,-3.097,1.256%ref1
    26.28-6.357,-3.097-2,1.256%ref2反射面1+扬声器右移
    26.28-4.288,0,1.256
    26.28-4.288,-2,1.256
    ];
wallPos = [
%     0,-1.836-1.88,0% 反射面0
%     10.2831,13.8330,0% 反射面1
%         10.741,13.8044,0% 反射面1+扰动
13.6626,14.2091,0% 反射面2
    ].';

