%% anc positions
P1 = [0 0 2.28]';
P2 = [2.32 4.4 2.12]';
P3 = [7.91 1.04 2.09]';
P4 = [7.91 4.4 2.12]';
ancPos = [P1 P2 P3 P4]; % Reference points matrix
%% init params
tagZ = 1.26;
azi0 = [-12 82 164 -114];
% 1.73 1.05
