pos = [
    10,0.91*2,1.36;
    7,0.91*2,1.36;
    10,-0.91*4,1.36;
    7,-0.91*4,1.36;

    7,-0.91*4,1.36;
    7,-0.91*5,1.36;

    12,0,1.36
    10,-1.63,1.36
    
    10,-1.63,1.66
    12,0,1.66

    7,-0.91*4,1.66;
    7,-0.91*5,1.66;
    ];
wallPos = [
getPlane3([7,0,0],[1,1,-sqrt(2)*tand(5.2055)]).';% 反射面1 pos 5 6 11 12
getPlane3([6,-0.91*5.5,0],[0,1,tand(5.2055)]).';% 反射面2 pos 7 8 9 10
    ].';

